4364
8510
9972
5247
5854
4326
9190
3067
6892
7206
8131
3150
8254
8356
3790
1625
4953
9410
9679
8844
523
6885
1770
3785
9887
4268
2502
8884
9416
7002
3912
5408
6360
1054
5009
5512
8315
5167
3521
1792
3934
8809
9020
2824
5287
7716
1208
1905
3853
4271
9250
8738
9934
6237
4653
8479
3430
6842
4888
2426
1747
994
6284
7953
8934
8215
3738
1085
8627
2256
6640
440
4752
2719
4446
3895
829
1274
4483
7877
2013
530
2664
4480
4576
4049
5376
4958
3418
358
229
9025
4562
3700
9842
6496
275
1032
7935
1426
907
8271
9615
4616
4529
5979
8665
2312
246
3452
9185
1536
185
4472
5629
723
9512
3355
3251
5441
4398
1427
7921
7525
8701
7817
4476
2755
741
8032
2981
3501
435
1551
1469
6376
9399
9752
8532
6926
6356
5132
2864
7433
8408
4844
8630
9465
4810
4626
9543
5835
6630
3053
8278
5878
4978
9205
1632
1443
292
1923
5951
8209
1572
8506
2205
5367
4247
9892
7303
4869
595
5860
2522
5282
9500
5115
342
4087
6881
699
2325
9981
744
4955
8452
1276
6576
9548
6826
9043
8090
215
8771
7927
4586
6172
9130
8715
735
9882
1742
4798
9894
3834
8997
1481
6068
4719
7756
4865
1705
9495
1680
1736
7255
9141
4356
1976
1852
9920
8998
7631
2304
4578
3082
9823
2101
807
3929
387
6361
5877
8520
1302
9196
6003
4045
6527
411
4990
6596
3821
7308
248
2767
901
8235
6497
9630
3339
3580
1869
6154
6647
2008
9390
9678
5087
9859
9983
4993
5070
9186
2201
1149
1096
1784
6146
4005
1580
476
9294
6740
1970
498
2069
8311
2910
6542
6592
4206
672
1277
8534
3273
6907
9898
2465
6241
8849
7680
5780
8986
4205
4445
4318
9144
998
2006
2347
2672
806
4067
2973
3440
2131
3043
5820
5799
6170
8924
8765
7416
8733
3391
5738
3959
4688
8471
724
5210
4544
9858
4342
1505
8600
5027
1241
916
9070
5930
7131
7268
5319
7418
9863
6090
4530
7361
7227
831
792
219
4316
838
1683
1854
4515
3230
5395
7733
3177
2116
3306
3123
6685
4681
5370
8012
755
1577
3105
8422
4584
664
370
6256
9084
3894
6194
4074
857
7820
2080
2914
4488
2771
2898
8062
4062
4134
7672
2028
8515
3239
2118
6866
6144
4346
8712
3642
4436
8690
1372
1173
3349
7656
4467
6044
8699
5966
7275
3924
7533
8941
5126
2848
3218
3614
8543
7178
6735
3257
2647
8424
9915
7841
4570
8606
3284
2851
6676
7547
1726
1941
5864
522
7629
6257
3180
2377
9573
3434
409
9964
4751
728
6108
9695
2440
3978
9057
9603
9133
9793
3650
5366
6238
9293
9403
3264
3687
936
3029
8921
920
3357
9340
1455
8380
710
5865
6650
8283
7818
1715
9860
8720
1015
9095
9225
1470
7218
1253
3356
835
757
2583
1325
5368
2741
1135
6789
6783
5309
8679
3879
3824
5566
3875
7590
3145
529
1895
8487
1186
5269
7762
2299
9135
6876
9173
4427
1492
5624
2518
4734
9588
6179
9597
450
880
6939
7133
2546
7198
9608
4379
8055
9680
3484
1857
1518
6337
250
6954
905
406
558
6530
5511
5226
7449
5840
2286
7013
2401
5606
8806
5193
3561
9323
2900
6669
7981
5869
5230
1623
9940
6035
7571
1553
178
7933
9821
4075
7775
8865
1410
2241
8247
3493
2193
324
984
4882
1300
9007
3113
7759
5893
7859
5397
4827
5582
3982
2209
4235
8071
6461
5025
961
295
8259
7254
6549
8143
3210
1999
1503
1369
7237
6436
9935
1703
9911
828
3388
8223
611
736
1570
576
4026
4543
9101
8805
5703
502
9304
6143
9933
2676
1161
8261
9029
3909
9568
4849
7248
3860
9295
9900
8266
8561
577
3529
2843
1652
486
5384
3445
5401
1199
4988
5708
9912
5469
4857
8588
9042
4459
6351
1376
7072
6283
9188
9648
8165
7093
859
9280
1922
5609
330
5687
5904
8670
906
2551
7312
7460
778
4954
1665
6808
2866
5246
7980
9670
5621
9176
8098
6288
9820
5233
7659
4428
6857
3393
9229
7098
5234
5743
2966
8220
8154
2911
5069
1141
2565
6945
8637
9623
9017
9067
9986
749
4144
3175
8614
4704
1689
2482
2420
4717
6047
6579
6895
7205
1799
560
2517
8082
4484
971
7945
1806
9279
6855
9002
5453
1727
9867
1245
5251
1012
1504
7783
1687
7276
1902
8978
209
1089
9276
3629
3525
9454
6916
1989
8353
6463
1675
6572
518
4927
7084
1573
1864
5243
8862
402
5879
3240
9380
7412
4723
1152
7164
836
1603
4306
6504
8788
2559
3654
4654
8854
8288
8497
1342
2341
1061
7567
5349
8411
7506
2421
4547
1164
7224
3809
7893
8476
4907
9763
849
7183
1066
7628
9975
6264
9578
2634
5480
8085
900
7800
752
4063
8117
9976
3622
1218
6862
9016
6686
1833
5003
5005
7430
138
5728
6548
8599
9965
6218
4549
8017
4991
6181
2120
8103
1723
4072
3685
7391
7922
5781
6910
8381
7730
5475
3539
455
8676
9267
9487
1309
8668
9952
1644
2195
6124
2920
9281
9066
8227
6494
272
7668
9181
7498
4960
2337
5086
4064
4568
5213
9746
5118
7287
6501
1822
695
2768
5186
3741
1210
9117
2736
780
5494
5360
904
5008
6828
4931
2084
8051
3704
3310
6106
2405
3192
4303
7496
8551
8430
1269
7317
1350
7085
1786
5699
5670
4367
6537
7034
5793
898
7814
286
4560
2695
2606
9431
2778
5882
4712
1805
985
9884
5785
683
1021
9353
1801
6415
7708
5285
6192
7134
2589
5156
3253
883
3202
7605
5062
3603
3234
7188
4322
2123
2362
2828
5302
953
8731
2351
1044
9577
5112
2845
3988
7819
2802
5778
658
3375
7260
8980
557
1353
7443
6679
6584
6639
4790
1961
7422
9789
3667
642
2637
6437
2311
4797
6922
1201
572
8698
2562
8583
6961
404
7752
7589
6587
7501
4895
1951
2197
1763
4360
9224
579
1681
3683
6979
8965
3553
1385
312
2060
5314
3203
3320
1002
6331
7666
2480
3789
9104
5776
5431
3822
2092
2579
603
8888
3414
3297
7401
7295
4224
7476
992
8608
1672
1561
6959
8558
7130
769
3584
5280
3506
7382
2190
3911
5326
4890
6317
7849
4097
5133
5540
9434
4541
1030
155
5608
3437
4051
5686
7397
1661
1599
4311
3725
2698
9182
8878
3702
5562
2958
8072
9114
775
5970
2876
4940
3588
3891
6210
9536
6287
1907
4511
7992
3843
7552
1832
4701
6055
459
2819
2759
4145
1430
9339
7580
5564
5676
537
6050
1183
7409
7062
6616
4921
4321
302
1046
4551
5710
5802
1790
7259
2762
6381
8575
8270
2990
7481
4302
7042
4478
7372
8048
8225
9634
1816
5345
181
8512
6775
8918
1022
3042
7026
1084
979
1406
9242
5578
7802
7704
9344
7866
8812
990
9209
8435
1696
2592
571
6621
7867
2020
6278
2153
1286
2473
6066
4757
9962
6051
6037
2418
7576
9967
7977
7340
2025
3319
6355
8021
6732
8756
6800
147
2022
6934
9690
8465
7037
5605
8439
8816
290
9341
4855
3365
7865
5274
3200
2576
2577
1202
1386
1757
817
7070
4707
1679
1107
4425
9521
7290
8697
917
3698
6435
1033
739
7348
9109
9832
5406
7937
8033
4377
2124
2917
9587
9166
1878
5650
8240
9957
6728
3656
9175
9456
8023
3542
5416
4057
2484
3562
1482
3972
9845
9090
8946
3091
9790
8536
3101
651
5123
164
2226
6472
935
7888
5870
7199
6048
8817
1415
3582
4729
158
8152
3094
313
9617
8837
7488
1947
9180
4418
8621
6667
3290
4892
5057
4822
5549
8106
9959
9897
1847
1977
1472
1933
8147
4009
8564
1608
756
6834
8472
8386
3803
2462
2381
9064
7795
9848
6026
1059
1938
8824
6185
2847
4893
2918
2524
6795
2228
7293
8842
8431
1590
1420
5067
882
6227
725
4406
8723
6606
3757
5777
9857
4304
1962
1297
8455
7264
9779
1913
8680
8777
9773
2561
6153
4324
499
5231
8066
6395
7794
1320
4242
4073
5078
4380
5783
3736
4972
446
8724
4668
6809
3287
8312
6305
6636
2345
2161
7269
2995
7019
5390
7586
9523
3296
4884
2709
656
254
5532
4183
5574
3697
9982
3649
8810
3223
9263
6495
3504
9203
267
6162
2620
7596
5113
1719
4548
3016
9910
3491
289
827
3083
4441
2916
5017
3670
8073
1567
5063
856
2926
614
6352
9794
7136
3985
6955
9126
3730
3617
5350
7774
7486
4629
5235
6693
7846
426
6600
5553
4561
348
1043
6259
3376
5525
6157
8772
3421
2295
1287
9407
2308
1362
9530
4973
4363
4808
4621
8318
7878
4079
1329
7435
300
410
5916
1181
4468
1973
481
115
2119
6101
7058
9657
4542
9338
1083
8792
7681
4338
5671
8773
5239
3842
1348
5747
613
1198
2224
1308
9941
7617
8798
2027
2095
7278
5691
8936
2263
9473
2417
6024
1781
4999
3967
2722
9356
1411
3903
4054
7823
8319
3974
4716
754
6612
5183
1306
9077
316
6560
6723
3338
8508
4413
3038
8758
5600
4932
1178
9768
6831
2765
8602
2111
9818
4876
9810
5429
3638
6567
802
6605
8902
2837
1800
2467
8146
9373
5666
5327
6454
497
7187
3719
8413
5536
6232
4873
6030
5490
7465
9080
1413
3188
8108
3217
6084
377
650
8330
8274
5334
7305
3492
129
8328
6930
4896
3509
587
3195
3976
528
133
9150
8091
5856
596
5653
1919
9631
6763
3652
2127
2102
5849
6002
5495
6091
3882
4813
1259
6178
1203
8883
4083
4821
1861
6843
6768
3661
280
7624
2846
8764
1990
1175
5139
4504
1256
7604
6342
3712
4826
7860
1507
350
7479
3979
3841
7487
2282
1436
2187
8840
9954
3535
4685
8081
7999
6430
8469
5714
4851
9662
6840
4902
9170
1903
8229
9086
3556
470
3369
4412
7996
2430
3348
6410
2730
5051
8615
2636
6174
4862
3534
8197
5332
800
1674
1753
8327
3574
3400
7943
2957
3771
8797
7591
5497
1713
4456
3103
8365
887
6353
6858
6879
3303
7425
9783
7809
4401
7359
3221
8815
1345
7078
661
5720
5493
3291
7529
3695
9980
7000
7032
6604
2412
9879
6136
1708
8619
2714
1442
2776
7398
7242
1607
9770
3409
1264
834
2728
5415
3696
797
7399
9265
5656
5022
3086
7806
5442
5811
3018
2549
9015
9423
5575
9780
3854
194
967
5184
6712
6107
2651
3039
1704
9232
9493
9994
9437
5805
1001
1126
1776
9686
4186
929
1721
5018
626
2053
4082
1631
6511
6661
6770
4495
7351
5355
1867
3213
224
1501
8944
2797
6523
5165
9187
6893
4129
6804
5934
6534
2349
648
8287
7444
6188
1494
2774
8286
1677
8829
7873
9743
9949
8372
8972
4554
1236
7160
3577
3472
126
8300
4111
2874
3089
7546
3567
7154
6505
6285
5817
6464
190
9284
6005
4674
3585
8643
216
3160
2526
2453
2539
2134
3034
5938
5328
4410
2288
7456
2690
7467
6064
8989
9228
4095
3070
3526
9850
1997
6444
2915
343
4758
5586
5054
5035
3984
7566
2552
325
3727
8586
7805
8568
9149
1729
5875
7395
726
7408
4143
5917
4574
4172
1673
7493
5833
8158
8790
6043
4985
2822
1220
2836
7936
889
4402
711
9870
2338
1157
6935
8160
1782
9899
9796
6446
9139
7765
1131
2058
4203
7064
2167
4100
2812
773
8785
7165
9201
5792
6183
5236
5265
9050
414
3600
6280
2826
5117
6914
1982
9973
7882
4583
5844
9324
488
1439
9160
4265
1594
3573
4587
8897
6439
9333
3482
4650
9012
1604
5863
2998
991
4032
6794
6921
9739
7478
1373
7304
8939
2099
7389
4047
7725
2414
8682
2519
2384
5101
7907
2343
7045
9360
4275
2775
1160
474
9078
7709
714
5509
4812
5030
5263
2971
9212
7318
8778
5581
8549
4387
8265
5741
7104
2270
5884
6618
5347
5998
6484
5839
6823
1756
6118
9330
3871
9997
1017
4151
3045
5993
5214
3207
5079
5222
3304
1465
2303
7507
5432
6083
3130
4864
8742
5796
112
2034
7266
2975
230
1129
5048
5292
2660
3499
4029
716
2300
516
6700
1153
6706
6499
4090
3013
6749
9685
6374
4700
5742
9424
132
6480
9291
3766
2121
9668
3122
1319
6569
6923
6924
1008
2857
6807
527
1398
3479
4760
294
1558
5628
1825
808
9049
3511
3792
9969
2510
6475
6138
6198
5013
3165
1246
4279
9667
2202
480
8604
3677
8565
4163
9469
8683
9134
6849
7143
7958
315
9689
525
6886
4385
4333
7864
4721
6377
3732
3140
6126
811
4768
610
6806
2831
1596
3305
1040
2217
6785
3111
9547
4098
7091
897
9121
9717
5529
753
9893
923
554
4251
8338
772
4745
9085
8541
3159
1582
7787
2533
1461
2327
7038
3475
2701
6755
9240
1605
5996
1946
3241
7901
8623
6506
7326
1247
7956
9572
9155
7868
4793
7411
4525
1169
2378
3812
8477
3722
8374
1368
3857
4229
5516
8833
7862
5943
921
293
1109
4756
5219
5662
4647
5910
2439
2964
8985
1613
6096
2949
1564
2838
660
4157
618
7015
6615
3498
3624
782
5386
1072
933
7595
8886
6553
5978
9425
1393
1591
9890
4836
2580
9014
9918
8264
2582
1205
4794
4498
3955
1172
3280
2395
1446
7706
428
2766
3378
9755
2356
4040
549
1617
3191
588
3847
7592
5623
8524
3635
373
959
298
2877
4899
9355
911
3639
1004
5974
4748
2757
8734
5842
9988
5968
2702
2374
5620
3817
9097
1693
234
8291
6417
8646
2978
2735
6699
118
4071
5216
1458
4874
2931
5888
9449
9429
8113
5343
4175
747
1170
8363
4518
241
8735
8639
6061
4839
3007
1911
7324
3566
4824
2694
6268
6695
7321
5988
6868
1798
3032
1118
9671
3705
7189
5981
6325
2718
9618
5146
332
5456
9861
743
2016
7423
9705
3186
940
3006
6623
3694
2699
2754
5152
1711
7344
4662
5185
8755
1162
3966
8971
3954
937
5154
9221
4894
2553
7813
6248
5665
9032
993
5023
4612
2142
6928
8858
7332
1392
6215
4223
8500
2922
5405
6045
7240
3571
9772
6946
2870
8791
9809
9462
8217
1396
7522
2154
6619
2106
646
7685
5832
3456
1765
4494
1702
5372
418
8706
927
7815
6760
5790
4286
5543
9447
2056
8895
1743
3361
5502
4509
6899
7767
3153
5434
3334
3797
8205
6747
2037
4528
5731
2794
2276
8901
6720
2885
3583
8803
114
9831
1865
7077
591
4671
9413
8635
4644
3120
4323
7446
4014
4672
8375
8458
6888
8739
7606
1047
9432
2002
1120
7848
4980
4254
6221
2163
6104
7061
3412
2643
5705
3100
4000
4176
9395
1405
8483
1676
8598
6099
4086
5619
9446
5100
7054
1722
3607
2107
8593
2475
9921
4693
3692
1745
9966
8650
8368
2469
4850
2796
5905
5256
1692
2403
3231
9583
4315
4501
9311
8163
3761
5472
266
9843
9907
3270
9253
3427
2114
6270
5293
1849
4590
840
8903
1138
9458
9492
3893
9306
9056
1361
7469
9720
9467
8969
2708
9740
8080
843
5034
1064
6722
8889
8781
378
4290
6245
6933
4638
2483
8346
7403
7973
7521
4012
4160
5053
6875
4680
1958
4123
2965
5400
9526
6291
2798
2541
9769
134
5029
5098
6023
7249
9984
9919
3745
9759
2442
3329
7108
6746
2093
3087
3665
7950
9055
9956
8426
3917
644
9932
6265
5286
2505
5607
6176
329
6019
4784
9691
5514
9107
612
6865
3189
2543
3541
8449
2984
6340
5485
5121
5782
4771
6034
3668
6425
5365
4735
8137
1975
5962
1543
9045
4208
3784
2892
6852
6300
691
4755
7174
5874
2162
3751
6343
8716
4763
5354
8634
7690
3851
326
8384
3226
6782
4877
8133
5477
2275
1606
2159
1848
5559
3085
2544
6405
6216
4924
7850
1412
7952
2235
1165
2253
4282
3555
2955
4023
1323
3052
7714
5784
8917
4368
6835
1850
2962
3261
7769
8893
8799
7145
8822
6450
7473
8115
8962
1910
2744
5572
3859
8964
9800
7270
2443
5640
8385
5829
8677
7835
7548
6540
111
2909
5707
3114
784
2082
8916
8804
4762
2710
2407
7102
8249
4709
1963
438
1992
392
7671
9326
1438
3464
5550
2823
3450
6460
2287
2574
1983
8529
3451
2792
8552
7691
6757
8141
5652
9611
9659
1831
5760
1111
3746
5851
2331
3620
6818
9616
8576
1370
878
8168
7307
6334
2309
9106
6240
2988
3079
5091
7600
3302
8981
3869
6027
5642
7272
1981
7723
2489
526
7744
7114
2023
106
1034
1382
4936
5985
2584
2451
6465
5068
2623
6479
7641
1588
6745
6263
8655
6304
4142
4334
1601
3798
624
9102
8480
4197
3572
1511
3780
2404
2983
7001
4099
9273
7872
4277
8728
6547
7149
8453
7894
8749
4169
188
2656
352
9302
1258
3469
253
171
2281
4772
222
3786
5583
2727
5387
4320
4351
5947
8116
8795
4031
9009
864
5273
6841
1217
4487
5573
276
6067
8830
621
625
8871
6925
3442
6490
4678
5163
3382
8595
2879
8337
6825
2246
6906
8398
5191
2590
1658
6207
2604
7884
8175
9497
3718
1935
1424
3613
7581
6339
1957
1586
9560
8612
6219
9948
7517
8825
8616
8292
1576
8603
5329
1635
4705
154
4195
869
2454
6812
4670
7124
3476
2833
7972
9471
416
4125
1773
1185
3731
1428
1284
7141
6662
5527
6585
3381
4214
7796
3449
8644
2365
8107
5837
3077
3254
1915
1871
2408
1294
7338
2237
3132
6327
9457
3778
3432
9076
3839
9571
7191
701
5836
6447
4923
938
2155
5228
3800
2283
9243
9233
6082
3233
5364
9594
6212
4814
1884
7929
3242
6468
8876
6249
8702
9998
9681
6771
6583
6688
5381
8807
5830
125
2289
1010
4375
9595
2658
9112
6000
6802
1088
7309
6379
511
6965
1448
6846
2329
1137
4499
4952
2258
4796
6528
7146
7754
669
8442
7378
6412
4059
9189
6168
1592
3782
5969
2449
260
3051
3838
2301
989
7029
2813
2336
3333
3724
4248
7267
3328
5467
6367
1058
8344
3759
4035
2425
908
8730
5294
3047
2225
9420
6510
5137
4901
4863
3407
278
4507
8171
2047
4594
510
5215
6007
8052
7942
5644
1484
2004
9159
3768
8355
6642
3109
7342
1451
4414
7182
4178
1519
8188
4152
4620
1105
6014
1013
6591
7235
204
4474
2791
1548
6063
813
7325
8836
8309
8179
4830
9566
2400
2663
1136
3779
6453
5369
5881
3536
2941
4880
7621
7738
3000
4350
6186
9751
8511
1785
5545
7511
5181
5258
4699
6917
3510
4004
1243
5024
5200
4231
4116
9463
196
2185
4307
7995
307
5182
9018
7463
1240
3781
2070
4885
457
8950
4969
2888
3658
328
4778
1744
5190
4610
3532
8099
5110
8377
4631
789
7009
5254
6038
7695
269
1636
7115
3278
6370
3846
4564
9542
1228
9489
180
5740
3633
1281
9844
8761
6666
9841
1381
8762
4742
7051
3247
4825
8860
9762
9621
7011
4244
4764
5059
5049
5648
9083
3897
1352
2444
5997
2416
4489
3863
6225
8306
8186
1684
6100
5694
8925
3957
8880
4273
3288
296
5664
3258
3602
2089
5361
2635
5841
623
4215
5204
7393
7179
9651
2063
8027
9598
4989
7669
4996
8973
270
9928
2066
6997
7881
7483
4815
8547
5050
6687
4293
7686
7016
9092
1108
3611
1571
5673
7939
8172
4416
912
8370
9000
8633
9366
7627
7925
5457
187
7482
9105
3386
1932
9345
6488
4312
5099
6309
1912
5203
5058
8923
943
8460
9041
5752
1534
4228
9961
4811
424
2415
2213
366
9213
2632
5500
3598
3944
8642
6767
391
9939
3962
4221
2804
5649
5443
8488
314
166
7082
9031
8906
1956
1870
8068
2996
8882
7257
4886
9869
5580
3402
2617
2686
3245
6440
8590
517
1462
3072
5419
600
3352
1321
8417
6987
1468
3035
6036
8195
1490
9590
9037
8494
2136
641
7879
981
9169
1978
6060
2182
3332
4964
7043
3360
4010
2933
4187
5963
9733
3151
4943
2406
319
5492
2222
5111
8076
2423
8932
4337
2266
891
5520
1087
533
6274
1263
8145
6451
8118
1395
7181
8060
9116
5037
7367
2398
1124
3995
5104
4396
6956
1123
1995
7949
5252
7731
4538
5902
6033
1251
5125
6062
9313
2051
362
9812
8450
1480
9944
5929
7807
6627
9750
6544
3597
9985
5659
7273
452
9864
6714
4165
8525
3259
951
6598
8144
5261
1334
5771
1668
8004
8546
3142
7500
2815
7842
9677
9071
5761
2293
1633
3640
4001
1407
5942
3688
6665
141
9974
796
1998
9836
1271
2011
6481
9152
3127
1670
6691
1555
9635
6382
8454
6670
7017
6813
7106
2198
4809
5021
1920
9638
8019
374
997
6421
1628
5346
3942
4905
2316
1823
7518
6223
5636
4077
7288
5196
8535
7729
5827
3905
4689
1735
3044
1332
4900
6276
2963
8173
4422
2221
3222
1788
7291
8251
9775
8826
341
5798
8838
886
7874
1130
9398
6822
8349
7982
3808
2471
1092
8713
9303
540
4736
895
7208
602
7889
1421
6016
3358
7079
6799
7330
5635
1298
3459
6861
6943
5288
1655
9741
7355
2151
6338
8814
4352
2180
2859
4965
5645
7337
7643
1377
4692
7971
4211
4708
6705
5944
2306
3046
142
2292
2068
3252
1230
8912
783
8539
9028
5071
5276
1892
6821
7784
5725
1783
8898
9223
8218
5392
1347
7250
6469
7485
9580
1927
347
2003
1526
9193
417
9660
4577
5769
9391
5042
2724
7827
5977
6566
6562
2250
5774
9297
7027
7543
2191
844
6380
6098
1657
2083
5618
7453
7793
805
5161
8345
8566
3415
6267
4458
2538
441
6053
4522
3108
6429
9711
3138
7005
6250
6967
168
7271
2492
259
636
8620
9781
2330
1691
5556
2014
3314
7468
6213
4767
3030
7705
7836
7012
9147
8904
2891
5439
4388
5945
2991
2493
4603
6239
7336
8892
8348
2174
3205
7963
767
3508
7557
200
4766
2929
4463
4852
7740
4392
2043
4370
8961
4034
465
5779
657
3973
3157
7918
3345
8013
5787
6426
2147
8351
1639
3904
9010
677
508
4754
8443
3861
3958
303
1579
7834
2902
6787
8869
1648
1150
389
5482
5716
8224
7545
8907
4167
3325
8210
3693
8709
1209
7594
4800
5046
9714
1939
2370
1128
5815
2628
8955
5627
9540
5006
1556
1239
9518
7824
3877
4673
4731
4164
449
5923
1473
6386
9905
9726
9903
9255
8387
6503
9537
6533
6597
7582
6721
8891
3888
5084
3062
4911
8400
9777
944
7089
5892
3183
7967
9034
1333
252
5402
8802
875
4566
2785
8174
2078
6149
2137
9896
1467
5333
159
3641
8605
2749
6262
3249
9865
7297
2649
732
1168
4609
1522
7167
4623
9237
3618
3371
9478
7804
9868
7282
431
117
4834
5496
3965
288
4194
5825
299
2207
4636
4359
7119
2652
6114
4180
1952
5913
3886
1768
1261
1659
8440
3595
7068
3926
7966
7619
3901
8321
9468
1959
9999
4787
3366
8672
3608
5755
6942
4733
2496
2781
4485
3136
8335
8170
179
2555
6999
7944
3592
3003
251
8164
1295
5445
6123
2970
5535
4695
4575
885
9533
5119
7637
6076
6080
3992
5522
7156
9239
3468
9035
3014
6603
9268
8688
6646
6514
9098
6113
630
5081
9351
5552
5991
6726
8379
7417
3513
1539
3124
1967
550
4660
5264
8704
2723
395
7609
4039
2805
5499
8744
2881
1664
6648
2262
3131
2438
9442
7247
4679
2993
5072
102
6564
2103
1374
6609
9827
3238
121
7298
884
5695
2756
7801
9248
5128
9989
3099
8640
713
616
2841
5693
1846
504
1038
7023
2641
6819
9532
3317
1367
172
822
1929
1500
4740
8852
321
5953
160
6711
2850
5359
2156
5055
5523
9206
1549
3828
4622
4633
2332
3986
130
2334
8006
2760
6936
5506
436
6018
629
3805
6402
9732
4780
245
9766
2445
5189
8617
4219
5626
1513
4300
8303
4582
8505
1532
6912
9272
3518
1934
6980
2548
4915
1837
2806
8383
9068
958
5632
1288
306
8948
9178
4945
5876
7369
5262
7424
4450
8887
8239
8875
3041
3865
7910
5651
9277
8768
6753
9550
1760
830
5028
6758
9849
2189
6957
120
1349
6913
4619
2335
4859
5622
8464
8745
6902
9376
6214
5088
1568
6324
1065
6629
8228
7190
4430
1660
3097
4291
8696
1454
3219
5170
4694
6765
7615
1502
8020
4556
3855
6458
896
3679
4497
3211
1290
3756
5701
8740
4189
2029
8007
6081
5306
3488
4452
2144
2535
4536
420
3399
7739
4552
7472
240
9299
9569
581
4148
3447
8928
5824
4257
3236
837
2176
9047
6341
9408
6141
4408
1795
9231
6734
6054
1402
9581
4107
390
2367
7683
9436
369
6094
2839
6810
7060
6565
3837
7092
3544
9592
9275
6729
3212
4795
169
1542
4281
6908
8045
7065
8970
4193
1535
4252
322
2100
8255
842
6092
9157
5592
2097
4440
8870
6582
5240
7993
4749
9140
8922
8407
3330
8828
189
1453
6391
1508
2071
6299
6500
7798
1116
4218
5418
5425
5394
9246
5595
4971
7201
2625
2296
1063
9765
2999
1516
3448
9461
3494
947
4308
5166
7515
8489
5016
2645
4043
6748
8245
1510
6701
5420
6633
1971
1924
7549
6383
5045
7584
2515
7150
211
3520
1187
6329
9023
3208
4652
7258
3431
5885
1808
6231
675
9483
7998
5451
2388
8166
2566
7003
2740
4648
1078
7380
2943
9792
9655
4341
5800
8509
2670
7228
2175
8872
8394
7086
1740
1249
5908
3194
9091
7428
4339
4914
152
6558
5015
6121
1994
7772
7426
170
1701
5298
5601
8667
4217
9909
5501
7301
7434
4070
1029
3389
638
4259
4435
3176
3141
4559
9153
5173
4310
6372
3155
8501
5685
1403
2459
6039
2875
718
8607
7171
1331
4085
6574
8010
7302
9154
4517
8429
1409
6332
4871
7852
8129
2618
2133
1358
957
5531
2098
770
4829
7651
7087
6969
9626
6811
7968
5151
4642
5238
5735
8808
4649
8894
1872
6671
1866
4121
7689
8521
1080
4779
9317
1068
5754
6854
1862
1610
1110
8359
8005
6694
6089
355
6244
6805
9151
809
7454
9614
5300
5690
4340
871
1301
7527
7239
6704
3662
3678
1964
4833
5546
3286
6673
7565
3033
5322
1196
3301
1811
7976
6365
926
9509
7676
119
9683
8839
6029
1140
3816
6228
2609
9075
4486
8800
3313
1879
918
786
788
3118
208
8074
7750
8204
214
4698
5822
9599
7414
7419
7717
4981
9992
9194
4092
2456
2075
7063
1688
5843
1460
6738
1839
5723
6645
2648
2770
2646
2481
4022
9619
6389
4305
9331
8691
2352
7323
4657
6173
1189
379
5756
547
3774
5598
9296
580
8659
3576
1101
7281
3987
5861
6973
7777
3951
690
5205
6898
3537
8496
8747
5103
8625
5135
5505
7420
3426
3548
4335
9393
6801
6307
6070
6071
1565
2186
9254
8029
5547
7781
8067
1637
5271
5515
5767
793
6860
9664
3823
4048
3343
2556
3227
1646
1574
1587
5348
8933
2033
7024
5890
4565
1117
3256
1051
5948
318
9310
4891
3733
5481
9801
2171
5999
3425
6733
9856
7811
2738
6088
1475
5056
2827
7410
8900
3664
5680
9001
3292
8748
9970
551
4635
8821
1812
9038
7599
8757
2732
4687
1876
6788
8853
3168
8343
1880
1434
5935
9710
8008
6658
6111
3983
4442
357
7059
8542
7905
1731
4250
8219
5270
2200
4371
2072
8766
3941
6896
9971
8313
7899
8414
5631
6028
8448
3852
520
5311
2799
3433
2260
7633
7570
8855
5413
6093
6448
8412
1886
983
1225
1807
1931
5980
4288
1881
9162
8100
8340
4984
3405
8084
2218
4283
9693
4015
2350
3848
7965
5159
9365
207
8267
7830
3743
5612
1804
6551
7083
7394
6887
177
1125
6456
9402
3619
3255
3298
2007
1914
9137
5436
7327
727
2887
4994
6552
4510
8298
2987
768
6416
4053
3948
8234
9808
2950
5014
7579
5848
3707
2764
3243
9474
2953
2829
4664
8662
4956
5389
3802
9476
5541
3346
1155
8528
8026
1357
2787
2324
5973
4957
1192
1609
5092
2801
339
3461
962
6660
2382
3691
6756
7245
9529
7405
9096
5315
4572
8592
443
4353
5503
2747
9946
3849
5141
6411
5894
3467
4665
9876
8299
7986
5748
1918
7031
8206
6224
715
2624
6521
562
3002
344
6105
8910
6557
8410
1953
7658
4373
2573
5679
1272
982
7572
1517
2862
9544
7698
3490
5809
9110
9409
2223
8629
1279
2342
8579
5806
3769
8325
6145
722
7223
5192
6236
5476
2017
8974
9753
3064
6655
2128
8750
3514
7374
7109
1305
1447
4942
1611
5692
5958
846
5150
7404
7524
3015
2248
3547
8275
1441
2746
8157
1444
7471
3711
6971
5750
3787
4553
281
2148
2568
6020
1144
3625
8156
4447
264
4177
2564
4384
2681
801
8025
649
8399
6675
5696
8257
2703
9367
4777
7702
7856
8437
4820
5374
8666
4887
7851
1575
4580
255
3209
9073
9787
8028
9417
8305
2076
8591
8513
2251
1634
4191
3220
763
2169
9404
5603
9767
3772
2595
8874
7920
4917
7283
7495
9062
5483
7646
620
3134
1819
9208
2164
2666
4783
5920
6350
8222
4479
7648
3364
1312
662
1882
1324
5613
8421
5599
4372
8362
7720
6635
9412
1318
4563
5410
9535
6952
9322
5179
5589
1014
7333
5587
5957
5795
6175
8703
6727
1226
987
9943
5208
1082
4569
7376
6445
6102
8373
3601
2944
3653
6335
9069
5095
7917
1233
9088
2062
8493
5336
3896
2937
1016
4081
9913
3546
9480
6085
9968
3066
1000
439
1493
825
3487
704
9389
3135
8260
4052
6595
8613
6466
5614
8389
5102
7375
1343
127
2601
2657
8503
6328
634
6974
3228
5616
1629
9374
3137
5927
5227
5378
7896
5932
9172
7530
2684
4805
1853
7630
3384
113
5130
1709
8533
8035
8881
3446
6631
1750
5715
8507
6950
1930
791
6477
9888
5964
116
4287
7100
6160
7640
5325
4513
6919
5847
4453
8310
7379
4747
9700
6901
6012
7682
6649
6369
9629
1891
7117
4383
765
5178
5901
7020
157
151
9605
4807
4937
1079
3455
9227
4655
8178
3989
6164
3055
3569
4658
1889
5279
5528
5412
6909
8280
505
1797
1942
1327
5853
7890
9938
1531
2085
8104
9332
6710
2585
4982
3436
512
9444
7466
606
7653
3162
7913
3095
408
5828
5706
1820
8182
7886
351
5570
914
8557
5922
8423
9891
9508
4854
1622
6709
8992
8211
4112
6129
9392
9411
2152
1638
8832
9650
7791
8537
6663
2210
2679
7618
2376
6163
4675
9202
7080
5724
1830
7039
1520
5643
9292
6990
5729
6932
4750
2428
6413
4933
2586
2126
5689
6428
5530
6871
4245
1366
6571
9026
2912
1248
8531
7127
9439
9163
5732
8574
1052
463
1252
8277
7642
2928
2435
3657
6519
2905
346
2704
308
2229
6272
7577
2810
110
1987
7684
6836
2734
3647
6796
5136
652
8653
8293
2165
2558
7213
6554
8038
8759
685
9674
7196
398
5498
2313
2525
4347
3084
3530
5773
9926
5291
3318
6653
6546
7285
3267
4280
2284
1184
556
1972
4443
1523
3796
9805
9061
5108
4093
6824
2729
7438
6975
3204
5000
2086
592
3767
7158
9554
8953
128
3269
9329
593
1237
2528
2547
6668
6491
3753
2115
2682
9633
1291
8794
3663
6414
7538
7497
9816
6953
6069
2807
3676
6713
6266
9082
9656
1527
8364
5989
1649
6641
8669
9728
4078
1003
3411
9210
2055
9607
3057
7735
3505
5039
8162
501
2491
8577
3272
9889
9744
2947
2948
4046
6900
3740
3742
4597
2328
7718
1289
3643
1299
8331
6991
9748
6058
8786
3102
8523
2726
6261
1700
8751
7554
9142
6948
6988
6773
566
745
9562
3056
423
9470
5194
7969
764
8061
1363
6622
8596
1950
5377
9419
2883
8522
9132
5089
3112
6419
7358
6222
8290
680
7847
7821
1706
2018
7350
3899
4348
9531
4878
538
4614
6512
6578
8671
513
5682
7022
5162
4204
4618
6541
7118
2494
4147
359
5168
3930
9851
6764
380
5043
3964
609
3799
5047
599
6985
4328
8095
8651
7789
9486
8231
7353
8119
4309
6110
4449
7955
9703
939
7365
8632
4068
7277
305
9234
2199
466
3690
3285
5344
9378
3763
279
4961
139
8856
6297
4124
4881
4591
543
9749
6269
2954
6015
6613
6678
9987
5171
9058
1238
3307
3754
578
5911
386
2061
4903
5768
3906
7951
6040
9289
4400
1223
2716
3994
3152
485
493
5107
5447
7853
8831
2132
3408
5940
492
5272
2521
1354
3644
4173
3565
149
8285
1148
8402
5681
6197
4261
6275
401
6814
1053
6311
5318
1163
9274
3559
9606
1943
9880
8273
6128
5032
7415
8482
6235
6074
427
5794
3271
5975
4602
3073
1697
2427
8618
3503
4643
1651
1486
201
5428
5984
4606
4222
4856
7771
3947
3739
1315
265
7988
5513
7838
5357
8301
3149
1062
9734
4036
1774
9421
9914
3090
5722
1045
7152
7505
1584
4115
4130
3549
5324
1653
1877
4011
2817
3385
5816
5341
575
8317
2039
655
5812
2550
7678
1399
8134
6915
2177
1076
4898
9261
4096
1359
5577
8459
1600
6302
6707
9488
4651
7111
8263
9131
4237
643
3362
3353
9528
3028
494
4686
6486
3163
9854
9371
9127
2669
9525
3900
2936
9582
2834
3198
442
2906
8101
4146
7892
3568
4355
2700
3311
6243
4909
9799
1968
4448
301
495
9362
4966
8112
8451
7734
9052
7219
4136
6279
1265
7120
7875
8352
4255
4661
6293
7722
7610
7370
1097
6423
4628
9053
5398
8294
2141
1180
4607
1540
3025
4325
6471
2244
2603
3341
3721
3744
6498
761
1106
7210
1423
598
7509
8636
2064
3720
4419
1340
273
2986
8253
3703
7644
671
3396
9191
5758
2605
1234
9308
1741
9916
7241
1380
5517
2631
8867
2844
5169
9570
3026
6115
8746
6049
1716
4595
1678
692
2360
3197
4974
7991
5237
7280
1814
2572
5339
2872
9561
5358
345
4889
4720
9815
9100
2448
4792
6844
7559
2869
8594
8495
4088
4545
4977
8935
5206
7990
5157
4202
3022
5638
9647
3380
6290
9609
1270
2477
3460
7932
9947
2375
737
5859
9785
3531
4535
9394
5655
3887
7151
8793
8491
5229
9936
2472
9610
2959
5909
7175
7450
4069
674
3864
7871
2073
1025
5242
7979
9350
3922
4058
866
1477
2272
2932
9343
9214
665
5155
6392
9555
7612
5433
9541
2739
3390
4558
4706
4336
9388
9385
4879
670
7625
5486
1429
5197
9834
853
3293
1440
9167
8199
2243
8977
586
9545
6889
9054
7808
6870
1391
9707
161
6158
7504
4154
6520
5462
4050
9482
9218
9502
5356
2386
1885
8256
7202
1216
5712
4003
3866
7286
5452
8159
3422
2042
310
5960
5850
1896
7970
7664
4624
7014
8760
7502
2571
9643
5026
323
1257
2897
8192
3666
7661
2357
751
4840
5709
2811
2821
9074
9764
3748
5702
6301
2091
872
5941
5312
9960
2470
9782
9288
9760
4667
7360
419
5718
8851
6607
1562
1993
1435
445
2608
9119
4198
8208
8859
3815
4611
9177
5471
4785
4983
2204
2192
7622
1826
5658
986
5764
4020
8721
4605
8233
8769
9774
4589
5255
7232
3752
8105
9646
6538
4138
9396
5131
1026
6820
3832
7385
4646
8124
2450
698
4118
8395
7556
860
5474
8123
996
9383
4007
8976
2743
5217
8367
3728
9584
3196
4598
162
7306
3049
892
816
3993
3943
9003
7256
7513
3010
6134
7780
5296
8396
3593
7448
2860
5788
8022
4161
4738
9596
4357
3225
6388
3880
8722
1020
7741
6929
6692
3244
6772
8187
7843
5077
1650
1732
9320
1408
5895
820
226
7660
8555
2753
8959
4725
8056
1663
8127
364
5491
8553
6184
2208
5388
1134
812
5867
1174
9065
271
4493
3935
6754
1156
1627
3659
8834
564
8339
2705
881
1364
2458
9022
5831
9625
9586
5939
9024
5593
236
3833
9991
4158
7081
2024
5611
7217
1176
5906
2840
6476
3106
8016
8999
283
4185
1463
6716
3755
5538
7909
1104
1538
8485
5976
4457
2780
688
2203
8589
1073
3844
338
5038
9148
1557
5986
774
5921
2122
4365
7204
7177
2179
8089
707
9334
4466
1984
8885
873
3078
5383
5461
233
2257
2818
1070
1690
3522
507
5164
738
1838
2460
1908
2638
1074
4128
799
2390
2693
6793
5090
7831
1533
6427
2077
2232
1081
8685
7339
5435
394
2173
666
6837
1197
4162
3908
893
8184
7129
1821
8987
7116
9666
2302
6467
1906
175
3898
4019
1095
4395
4168
1566
1457
7503
3027
5765
2720
6177
8040
7593
8545
9694
8347
5744
3395
1326
4920
6032
9516
7095
7328
2048
6025
6573
5823
1154
5393
877
7989
6690
5446
136
104
2680
4781
9788
3266
8243
8039
5726
2713
1937
4319
9558
243
6966
6399
5478
7679
7008
8890
2942
6294
8663
5567
6937
5458
8333
9835
7755
5317
4744
548
9249
3367
4828
2234
5277
2333
9725
2436
2569
8527
6483
8848
4505
9713
633
8406
8393
9684
2280
2994
1717
9211
3058
1755
8378
6152
8966
5526
6970
9519
1585
9381
2353
4520
5937
8139
4433
9368
4213
9287
7310
8846
6368
311
3701
3068
8467
1416
2366
1787
8930
8563
9354
7474
9692
932
2779
145
1330
9727
9164
7748
8295
5134
9438
7840
7776
8780
5114
542
8857
1491
3322
3246
1734
7470
3065
8956
4992
6683
7490
1671
8899
6638
5915
1466
8342
5789
4637
582
5838
1459
4234
9161
7048
750
8110
960
9829
7366
8741
7537
4423
7265
105
8024
4190
9379
5678
7238
6046
4262
8130
9357
7377
2264
3648
4663
5954
6986
367
7112
3115
4170
3274
8282
5073
6725
9708
9723
10000
5083
6009
4906
1009
515
7603
285
2542
1552
2742
1384
4140
9802
5212
4153
3417
8947
2249
8276
5036
6205
9401
9364
2849
9501
3167
3368
4492
5473
490
5727
3874
8514
7957
2665
8767
1191
5972
3516
4149
1775
6424
9459
2878
925
879
7094
4947
150
2429
748
2977
5561
4773
7421
8626
8214
6827
1464
7895
5591
2615
8242
1437
5886
9757
5093
9612
8142
491
3616
5403
7445
7225
573
2731
9520
8308
2946
4683
9094
4332
6323
7162
9895
340
5041
388
1215
9797
6502
1268
8993
7587
6057
237
7049
9136
8037
7345
9466
9950
6441
3758
687
682
3914
6011
9244
156
2214
4627
1841
5044
4491
2125
8122
628
8369
8320
9513
7096
3675
4801
7173
8938
7984
3178
5337
2231
5012
9701
1738
5952
640
8684
6393
282
6949
5340
8784
590
6994
225
2035
8516
6608
4343
6255
8873
2259
9585
8221
9715
5675
8132
4421
3315
5140
1578
6171
140
3119
3645
6684
4469
8982
4344
9927
3621
8686
1844
2715
1868
1874
8456
4331
8183
4114
1712
9730
6103
7071
3684
3814
7779
2441
2271
3840
5207
7785
7056
9565
3146
2907
4579
8360
4284
9839
1969
9901
5866
2291
3024
1758
7492
277
7601
7613
2009
4490
4027
8079
8705
4739
2490
9931
6455
6830
6125
3868
5907
1278
8504
4753
6515
1925
7710
7745
6348
8519
8725
6493
8710
4110
4278
2673
8909
1643
6390
2065
320
9318
4967
4233
5519
7261
1550
2692
349
7825
9455
5060
1904
2509
5031
3628
865
6366
6626
9924
5924
3344
3143
922
6984
1389
9252
6167
2985
1593
1077
437
1094
475
4922
4120
1119
647
9564
8258
6790
7234
6204
2105
7607
6903
2181
6839
143
5174
7926
2545
5900
8190
3791
2814
2642
9852
7647
4103
9524
2363
534
8573
3397
1375
9426
9215
5464
5466
2587
7749
6568
4592
6920
2960
3538
7212
3892
7675
4532
165
6847
3878
5821
8475
6478
4866
8405
7536
4853
7782
9846
5363
6968
6433
9649
5373
1143
5066
4919
8125
1662
4024
7940
568
6964
8391
8279
1103
9387
552
6065
167
4055
7797
7758
3907
9682
1793
8468
5225
7484
3235
7432
1229
1314
9072
3773
1595
5301
454
6750
9567
8714
4182
2596
6774
1151
1695
6286
7742
7392
5127
1873
2527
3590
531
8915
8975
6689
9817
8554
7837
2355
3915
1802
2536
3071
4272
1007
4329
503
2777
9305
8003
405
2800
3760
8845
3294
7773
1761
6273
6373
7300
5321
3968
9712
8647
4910
5422
1280
3340
7626
2320
7388
5244
9327
4557
4776
5290
1445
9637
5992
2372
6371
2613
3133
6761
4765
8102
909
2997
2422
832
6518
6718
2938
6947
6977
5129
1840
7923
1221
7948
1828
7384
2951
7110
3876
5563
2529
4295
4743
1397
4232
8462
2238
3632
2600
8140
6981
9953
2653
5615
3268
4434
3054
4386
239
8336
4843
153
1195
5180
5918
4615
7243
3021
2513
6590
2339
4285
6995
5295
584
1099
6856
2396
8149
3673
8307
9406
6617
2278
9358
4732
4266
6075
6637
3998
3201
8201
569
6306
8926
5772
9718
5284
6651
5297
7954
6470
1698
4006
4201
1794
1127
3735
3708
415
3950
9122
5508
4847
8109
890
9145
4817
1273
8732
7699
5266
3011
1355
8088
826
4666
4573
5109
4912
2497
2227
2411
2012
3214
1214
7073
1777
4292
2882
5424
8111
946
9737
6508
5889
5753
6762
8196
7924
9538
7057
6873
2688
1928
6345
6073
1115
7876
3551
3248
5143
6271
1949
4038
9601
1179
1023
948
5385
4581
1724
7900
7746
6358
9435
8905
5177
6784
2697
5338
8658
1926
6209
1686
5898
6702
9640
1313
3335
4741
3351
1720
6482
5749
6165
1204
432
3069
5414
6346
6940
3747
8094
8718
1499
4397
2621
731
3465
3489
8388
506
9559
5928
3623
9784
4837
2563
8191
2712
9557
3166
4593
1036
9156
8216
6739
1559
4676
1122
9736
697
1498
9481
3660
5040
1888
2112
3889
2750
6983
3637
3187
8908
1414
8341
8180
6397
8660
2980
8046
5299
5634
460
6354
7914
6097
2369
2789
2612
5914
4101
6298
1618
8687
3309
2629
9819
2725
4246
9200
5144
5281
795
6715
4759
6013
4243
2054
8047
8297
5737
8847
3107
9652
7959
5020
3884
1988
1817
589
2616
845
9021
8567
223
3470
2868
7193
5465
3215
9236
5990
2745
3321
8203
2611
7694
7180
4550
3012
1219
6344
2230
7891
5730
995
5757
7674
7822
6927
9963
4209
3497
2001
2399
5766
433
9654
9440
3999
6487
4076
3170
5933
2816
3729
6135
1710
2968
8289
3902
2890
1630
1875
8490
7960
4508
4016
8262
4928
8983
2677
1714
9011
5304
8727
5669
3777
287
9138
8967
1694
3669
7155
3776
2581
4133
6781
7462
8587
5733
7296
7870
8675
7231
2503
6815
1597
8185
7869
9422
1583
6140
4199
5846
7311
4519
1851
4998
8648
8326
559
6474
4916
1497
3295
3438
8657
8942
2717
9798
1159
5106
6246
4166
8789
3991
3845
4238
5224
9642
8427
7299
5267
6958
6148
2424
483
9745
8754
5065
3337
1985
425
5596
7279
7364
4944
7161
2689
7880
2784
2389
5896
8775
9241
6384
5004
1667
5421
2117
9290
3830
4465
5082
3483
5697
3938
1476
4399
7736
146
1843
1563
5450
2254
8438
1166
3093
3524
5956
6459
9620
1682
5983
5010
9955
6951
9217
7185
3277
1619
9314
888
3925
9165
8963
5946
4270
6697
5883
1707
5961
6829
6905
6408
3881
915
4394
8070
6744
3545
5641
9795
7362
7786
7121
4018
3528
9563
3263
8711
6333
3190
4841
7368
3063
684
3946
5568
7347
6442
6803
8096
6166
9452
9146
7974
1545
5660
6281
6147
9430
1771
876
5857
7209
9174
9093
6217
1478
519
220
509
3615
334
456
5639
852
5560
6529
3826
7442
8444
2644
1898
637
798
5524
2772
4540
999
4276
5085
3423
7673
6359
3850
7655
8193
8943
6741
9204
1211
3793
7097
7997
1316
9199
3883
5551
5698
2315
2974
2788
7075
2619
1339
3575
955
9262
6778
3970
3671
3519
5763
6394
6588
1474
9300
6403
247
823
1656
1050
4236
6206
1048
689
3713
6894
7176
5862
7157
6396
9653
2110
8169
2627
6890
1360
193
212
5542
6941
1739
3473
4056
6151
6137
8015
6779
7962
4132
7700
8403
6791
7987
5268
7427
1991
2468
9222
8302
6938
2786
5330
5814
4848
2466
8743
3500
6319
7728
2622
6230
2956
8177
8153
9490
3410
7352
3581
4604
2696
1112
3936
703
5897
6531
8213
7938
4786
2409
4987
3737
9917
7578
1485
729
2487
8991
6743
8538
6703
7244
360
5175
3977
221
3819
9742
397
7033
9517
4481
9397
7602
2319
708
7186
9811
3379
931
1242
2419
7883
3185
9604
6833
8382
4212
3019
2310
6859
7857
639
3609
421
2761
7654
9813
9886
6079
9040
9309
4405
9013
6891
4482
1035
8316
7528
4526
9418
1293
8244
1530
2602
7159
2594
8843
7147
4230
7169
6247
7216
1612
5558
8064
2737
2530
2820
8877
8000
4641
4677
7751
3173
2457
1028
9534
7274
7122
9505
2640
6452
2206
8609
6550
3543
9589
2150
5382
4374
6119
1133
8958
2512
2129
4601
9822
2030
3634
4788
2523
4596
6524
8611
8087
4037
956
7390
6362
975
3558
8322
5211
291
8681
4240
6191
7025
2050
2560
9198
7540
942
3424
1569
7715
3594
742
3104
7563
7539
354
4986
7452
2109
451
2074
3533
8419
1262
1212
4044
4727
6132
3076
6078
5080
4362
4156
9087
7514
9060
7638
1005
479
9315
2501
1266
4959
1965
2927
2385
4426
1718
3627
4534
1699
5147
9283
6736
4253
3050
8093
6303
6056
6418
8919
5590
2298
9698
8994
6142
2158
100
988
6316
8610
7732
1356
1669
5711
5646
3945
2252
5518
8248
7639
2751
2633
8787
3377
4861
1351
3250
5584
5677
235
7142
4585
9079
6792
2575
2242
9902
4174
7598
8086
2368
8150
9885
6022
8990
2769
3061
9522
5379
6644
9183
8560
5176
6059
4941
2184
6759
4317
8200
5786
3872
5278
1231
9143
5617
6127
3331
393
7226
375
6659
6086
6201
2196
131
8486
5544
3714
5335
5455
2919
7520
8128
8332
4949
7677
2274
2935
1560
353
5630
197
9256
1433
2809
4806
2135
4703
9814
9220
8649
607
2903
6816
8498
9716
1544
8181
2610
1512
1049
4818
3216
3040
3326
1145
6559
974
2434
5949
4533
7480
8550
6611
5688
4634
7978
5819
9824
7788
5557
9641
9386
7711
8350
6680
2873
9257
970
5145
8461
4713
7903
5033
1945
4659
6326
1027
1666
5391
8951
7803
135
3265
3630
5307
7316
1728
9977
5713
6998
4382
5487
9377
7381
3092
2884
8057
8569
1789
2925
9937
521
3961
7688
6169
5313
2067
8957
7508
1418
6017
484
9352
2930
6001
4249
9665
2387
9266
9484
3831
3441
6556
8952
3937
2045
3990
2835
3462
184
4929
9226
9192
7284
3723
6226
9574
7335
9485
9405
7635
8314
1762
4267
8776
8409
8269
7583
5871
2265
9847
9791
1581
7713
7221
6295
7737
9059
3918
4289
3164
8996
9124
804
7747
5120
1311
5912
7320
5019
5521
6320
9722
1093
7441
4150
9549
7931
1365
7766
6401
8949
9033
3770
7066
5124
4127
2593
8984
6296
262
1147
4496
9806
2939
2348
5076
2183
8763
186
5791
4714
6628
2455
6195
6004
429
3591
965
9922
5808
3193
9269
3020
2856
1647
9361
6150
7844
1378
7214
2157
9942
608
4831
2934
1525
7125
4264
3827
9696
966
2005
297
9830
2140
3689
760
4417
7128
4775
4979
6420
1589
1818
2661
2000
3599
4089
5404
8167
9372
3502
7197
841
192
3655
5411
2532
7148
5253
4791
1114
2090
7665
4135
6525
2038
8782
1529
8628
6883
839
9724
4918
6851
1011
734
5116
539
3610
6155
1769
4297
1541
4378
3182
5423
5187
3873
894
232
1100
4782
8272
3444
7252
9661
9089
5409
2032
779
6282
7041
4475
4571
7812
3749
9427
144
9039
3682
5437
3928
3281
123
6845
5661
6315
2255
5275
4155
3420
2924
1917
5241
4555
7475
7573
7558
6797
434
2674
8404
8868
3818
9301
2397
7464
3443
4461
3636
7687
3206
4926
3031
4702
331
8044
7707
9515
7211
6563
583
6242
654
2088
862
4294
7090
781
202
3413
4126
8700
1858
8397
6972
2952
9048
2391
9118
6336
9247
6717
4640
5245
2358
6708
400
4462
4258
8357
1182
258
4925
3596
8661
4171
3885
4122
9719
9286
4192
4770
1255
213
4715
4113
709
2967
3916
3734
5576
5982
7696
5569
6897
274
3372
8530
9600
4608
6133
3960
5959
9450
3401
9298
7553
5463
6963
2046
2557
3017
3605
2476
686
6682
7413
9238
3098
1767
6766
2825
6202
7667
4711
3387
2094
5668
7534
3312
7569
3626
482
3398
8801
5891
565
3477
2904
2832
7292
1401
4935
1193
8401
1521
3060
2662
5250
8580
6786
7721
4546
8896
7101
9979
2707
9264
712
2379
7137
1598
8823
2138
1121
678
6492
3088
9738
2383
8238
2854
7200
7712
2567
6643
1524
4179
7477
9451
2923
8571
8693
3001
7088
2711
9115
3560
9658
6777
930
1546
9441
2410
7550
8014
3416
372
5654
8432
473
3037
8818
847
5571
2021
2683
6918
5872
5936
5470
1796
1235
5995
1344
3260
5479
7194
1496
8041
5987
2240
8077
3835
2261
2211
6780
9930
2650
8434
2790
4868
3794
3148
9400
1897
3920
8075
9312
9878
5074
8236
7778
1102
8354
5075
7763
2855
6696
3589
2531
7845
1338
107
1860
2321
5803
2096
9721
9453
3709
8548
333
382
3940
3300
9251
1018
8770
9325
3457
5061
9840
7911
9464
1940
7349
2474
6322
7139
705
3651
1019
4366
719
2861
9663
7103
6131
7035
8729
9908
2940
8092
4455
700
2040
2464
2982
7719
6993
3540
8559
4241
7810
1267
1335
5926
8296
8246
1890
5925
5064
3674
2972
108
1488
5555
9551
3867
7343
9342
7069
3453
8049
1167
8931
858
5259
8624
7561
1260
231
9328
3919
371
5533
1528
730
617
1206
9591
6657
4690
6260
2305
1292
1515
101
851
2626
8813
6944
7203
7251
9506
2431
8250
1244
1620
1748
8155
810
9271
363
7431
3081
4710
8161
444
1296
9375
9546
2036
1232
2188
9125
7230
2059
6404
1285
4403
814
383
8979
1390
2969
6848
1158
4567
6363
7912
5810
376
4017
257
9675
3788
4196
8078
3009
6577
2733
5122
4804
3161
9871
541
4930
2507
2215
693
8864
6589
7724
8120
8002
4137
9414
694
8689
3517
7363
9731
9321
8447
8774
124
8466
8819
2795
6052
5507
733
198
563
2865
6575
1328
9219
5899
3080
9369
2233
7294
3552
7597
8631
9636
2721
9005
594
1509
3172
7861
4021
7839
1387
9044
3680
8581
9628
9826
706
7319
9099
9874
8232
1024
210
9514
2858
1836
8230
8708
2446
9030
6599
8138
1894
2685
4948
5158
9579
9498
561
8069
5449
6321
6473
4682
6364
5770
9995
776
2508
6752
3686
6182
7753
5444
8011
2314
462
2143
3563
4025
5903
203
1645
9479
6234
6077
2889
7028
3931
9507
9756
2630
1900
9539
7461
8835
8940
3971
7555
4630
9504
7519
535
2591
3323
1893
4431
1419
777
5371
553
1425
4393
3454
9123
3952
7153
2607
1834
4832
6021
2326
3578
4207
3347
4225
7829
381
3324
9120
7132
477
7386
174
1809
4946
8954
6513
4471
1041
182
4908
2758
7429
3110
9923
6187
9627
4065
4184
8518
7649
217
5539
6398
9644
5746
1996
5172
3128
3486
3439
148
570
3716
3116
7975
8929
9837
8578
6532
3036
8879
1733
6190
8752
3856
471
5223
8707
2166
8652
256
2052
7440
4420
3406
8136
5852
3059
5007
6443
2354
163
7904
4473
7400
2852
8063
9051
4938
1766
4409
304
8544
8601
5430
4963
6904
3801
8463
3199
6292
9828
4084
6122
8358
5873
1883
9996
6120
5440
7523
5955
8673
6522
7040
7634
4823
3997
7166
7532
9347
9632
8376
7046
1803
4105
3327
913
7322
176
6258
2842
7947
5138
1450
2511
3419
9335
4013
7491
5931
6254
6536
4669
1039
2763
945
9171
2678
1752
1394
9702
5683
7192
5316
3495
5342
2783
8656
8572
8481
2598
3870
7614
5198
385
8920
6087
8638
9951
4429
7451
3471
3956
9216
2893
9063
1056
980
4407
8126
1479
9349
2026
7564
7541
7036
4730
9359
7652
8570
824
720
5188
1764
8597
7693
2380
3910
9853
7383
9735
5717
2537
7439
1855
7184
8695
2394
6357
9270
5965
7329
9576
6313
7262
9833
9363
5195
6507
9111
1986
9108
122
3342
4033
2317
2639
8645
8585
6406
673
2279
6042
3975
2318
109
1483
1772
4696
1388
7315
3554
8674
3699
5097
3275
4997
1813
9046
5489
5351
3232
5813
8988
6751
870
5331
3023
2433
6580
9676
2534
9316
5504
7437
8499
500
9877
9527
7743
3383
242
4376
2149
7790
5762
458
924
4131
6010
3612
9445
6602
4904
536
8053
6400
6330
1642
3336
1778
5160
4102
2130
6117
5994
973
2803
327
7941
4358
1495
4354
7402
8911
9645
794
4995
7047
1452
1845
5202
6838
5448
7670
762
4432
1098
7207
668
5488
4369
6318
5510
1337
5597
949
5105
4041
8237
1207
7195
6601
1887
9337
4274
6817
3890
8945
8392
3117
6485
7123
4091
8641
2908
2614
1282
3181
489
6652
5148
815
1641
238
2010
7632
3512
8517
3144
9260
8135
6310
3392
2830
5426
524
9855
3279
5674
5257
7512
1730
9747
268
7768
9838
2081
9622
7657
1250
2219
2015
7542
9553
5011
5149
868
244
2323
6156
9771
4845
4531
8418
6312
1310
3283
4726
6664
412
1146
4391
8811
3156
627
6233
7144
2486
4746
950
2044
6517
4872
6539
4188
9496
4976
7902
6731
9688
4313
5283
7885
3764
7163
1754
199
5260
1487
6976
2194
4769
9019
1404
2899
5919
9575
4613
5468
4349
5704
4722
622
7354
6996
514
3646
1037
7010
8428
4200
7113
7983
4774
396
2945
4108
7055
8584
8796
9036
8927
1725
4141
2373
5221
3921
7107
2976
8212
1336
7551
9113
4216
5209
3480
4220
7044
3276
2364
205
7494
3394
8425
1626
6432
585
2504
1227
6798
7887
2267
4327
7233
3478
5721
8030
1979
4159
9475
8556
4867
2104
7516
4066
9754
653
5858
1371
7030
4684
1810
9669
9758
9472
6989
3158
407
7050
7692
4512
4139
7140
8562
696
7826
9511
1142
9494
7236
7215
9958
928
7928
5751
7574
6193
4002
7645
785
2659
3750
368
8914
6869
2895
4858
2340
9008
3932
8121
6586
7138
7053
2588
8913
9285
758
1944
4239
6109
8001
7489
1383
9415
6724
8207
8474
3463
6581
5759
2245
1341
4718
7253
850
7854
1616
2041
3299
5579
2655
976
4444
1954
1948
8334
4438
1283
546
4632
2488
3795
9319
6526
2896
2108
8329
8841
4299
4296
8540
7620
8241
2478
7067
3174
759
5588
532
9866
3811
6632
9872
977
4314
9443
6159
3129
8445
7761
8478
4816
3980
2540
4381
9602
5399
2239
1909
9510
3184
6277
2220
9235
9804
8737
5855
8995
7799
1471
9129
6863
8304
8678
1791
7697
2706
1069
2506
7229
5308
4269
5289
8492
7701
6180
6434
601
1456
910
1863
7608
861
3237
4502
8361
740
3121
7770
4846
7662
2031
2392
6884
4227
6872
7897
2113
544
6457
1489
6409
5736
7985
1615
183
4819
4470
9993
3139
1746
6211
659
7855
4389
8470
6130
4842
8694
4390
7526
8202
4803
7246
1254
8446
8366
447
3564
3804
5657
2437
4539
5826
2901
6853
1537
8457
2687
1188
4119
5001
3507
1955
7074
4724
6677
5700
4875
1086
8031
7126
3949
8043
6438
6850
8622
6203
7964
5672
2479
7455
1190
8526
2146
4524
8415
4451
1139
7832
7346
6252
978
227
3672
365
6982
6422
5438
3169
4503
6681
195
7858
9336
6509
9168
1960
1042
615
4656
1060
8960
3858
6031
874
6289
249
848
8194
403
1916
6593
819
1303
6634
7636
1031
855
5637
2049
3458
8083
5375
3586
6139
1829
6610
3428
9706
1224
679
3765
6387
8473
8281
7457
7816
2160
1171
430
6672
7535
2498
574
1057
941
952
6769
2393
2297
496
6347
478
9776
867
803
1640
8151
3606
7007
3927
545
4860
5323
4537
3939
1075
2087
1624
4516
7006
4789
5396
7331
5554
5594
8937
4913
9556
8284
7833
8717
8371
746
2863
9639
1685
206
2268
9278
4838
2495
934
6880
2808
3604
6535
6199
1177
5484
8058
702
3996
4030
8042
335
5967
5352
4008
4060
9624
8268
1856
2178
4298
4477
4210
7458
2285
8664
2793
771
6654
9128
8198
8736
4454
4521
3515
2247
7531
3810
1827
1621
7828
9875
8189
6112
3429
472
1936
2307
5663
2277
2782
4970
2344
8390
9006
6570
9990
7396
5633
7919
1346
3715
3481
3179
6545
3466
1737
1132
3147
2371
9673
3813
3171
8441
5380
3363
7760
4883
9978
4104
7172
2520
1431
4506
3587
1379
5052
2654
2463
6208
284
5585
2880
361
2886
5153
4617
663
8866
2989
3126
7459
9778
2236
5610
4950
4301
5971
8502
8753
9027
2668
2432
8433
7726
5142
4411
3224
5218
9433
6594
3527
6489
9197
7764
3762
5407
899
2516
3308
7650
263
2145
6962
4330
1749
4117
8726
3154
3923
1824
2570
9881
1449
1842
2216
3229
4523
9761
6041
3706
6314
9803
6543
863
1417
337
6931
5002
631
7220
7334
1422
6220
7560
7915
6960
2691
597
555
3807
3806
1966
2748
2168
766
5249
6200
2853
5248
5310
3316
7018
3048
6349
6978
2913
1317
2894
7314
619
4697
5647
8114
2554
4625
7447
9207
4415
2500
9906
919
1780
5775
5734
6462
5807
5602
7994
4799
6008
3004
7289
9873
2361
1090
413
7961
818
4835
963
7611
3403
7908
4404
1835
2273
667
5845
8148
1514
309
8050
6407
9259
8018
3370
3474
4897
8654
3374
902
461
1200
2079
3953
8416
9807
7544
9384
9184
821
3435
604
7934
6161
635
9195
7792
4460
4361
3557
6776
1213
6832
8009
1614
4256
5199
3820
2921
2485
7616
7170
9382
6656
5320
6614
9499
2992
4042
6620
2675
3282
3350
5548
3404
8968
3913
2667
4439
5303
2057
6561
7387
8783
3963
8850
1779
4345
7727
9477
5719
5801
2212
3836
7930
717
4080
1759
7898
1974
5537
453
2413
7407
103
5305
4181
9786
5232
5950
954
7052
7373
9729
3354
9697
9158
6072
6449
5745
4728
7357
7510
6882
7356
1006
4028
6378
6006
7588
787
1899
7562
5220
6251
1055
5868
7916
2578
9687
676
8097
5625
5604
632
6874
9709
5353
3775
467
2961
2322
4109
6196
3579
7021
9672
5417
1091
3125
7623
5459
8323
6911
2294
1547
1859
7004
3262
336
2139
567
1322
3933
2499
9307
7076
1654
137
261
3096
833
3075
4934
7946
6730
9925
2290
1222
9258
7222
7341
9230
6878
3289
8861
1275
8420
6625
3373
6674
968
7263
2867
1307
5684
9491
6867
1901
2359
3008
4691
3496
1554
6737
1304
4514
5667
6308
2170
9503
4962
2452
9593
3726
384
1980
1113
3570
6555
5534
6992
468
5094
356
2597
9245
969
422
3783
8484
3829
6189
5797
3359
2979
469
8692
4424
4437
191
9945
8820
9448
7703
4588
5834
1400
854
721
7168
9370
964
4968
1432
7906
5362
6229
9460
8582
5454
4761
8436
4939
464
2773
2346
7436
173
218
4260
8059
7575
6095
5565
3681
7105
6431
7135
8054
6116
1602
5096
1921
8779
6624
4737
4599
9004
487
7499
605
4975
3523
3825
9282
7313
7568
3710
4600
7663
9904
2269
8036
448
3862
6516
4870
5880
5887
2447
681
2871
4645
8827
3969
6719
1071
2752
399
4061
3485
1067
9428
2671
4527
6864
7406
6877
9081
9346
8065
1194
6698
4639
5460
3717
2514
8226
9179
3074
4094
3631
8034
4500
9862
6742
2172
4951
9883
4263
8719
9704
5818
7863
317
2019
8324
8176
7585
645
9552
228
5739
2402
6253
4106
3550
4464
9825
2461
6375
8252
1506
972
3005
5427
903
2599
6385
7371
4226
9613
3981
9929
9699
1815
5201
7099
9348
9103
790
4802
7757
1751
8863
1339
223
9049
2108
3595
7142
7867
5891
9530
1054
9712
8696
2690
3553
7875
7001
4981
9594
9590
5695
4446
8417
8829
3840
3337
7774
7975
9742
8318
5539
1621
1974
2686
6592
9895
2445
8092
3967
2824
5408
136
6110
3593
524
4678
2072
7234
1354
8992
4105
1918
9473
2345
3114
6610
3073
7496
8277
1780
4348
6821
7621
2532
7618
6817
7240
5888
9448
4454
4006
2361
7489
8728
7313
5274
2416
1704
2545
5601
9979
229
7831
5937
4263
3123
2179
3990
7829
7417
9522
3623
8911
5126
3941
2121
7956
1842
1337
4369
3200